#T = 293.15 K
#pressure (bar)	loading(mmol/g)
0.0001000	0.0123420
0.0002500	0.0307370
0.0005000	0.0610080
0.0007500	0.0894950
0.0010000	0.1170540
0.0025000	0.2854830
0.0050000	0.5413520
0.0099990	0.9536730
0.0149990	1.2641550
0.0199980	1.4931020
0.0249960	1.6729540
0.0299950	1.8178940
0.0349930	1.9382770
0.0449880	2.1132080
0.0499860	2.1850410
0.0549830	2.2442890
0.0599790	2.2934980
0.0649760	2.3433930
0.0699720	2.3854700
0.0749680	2.4244060
0.0799630	2.4594570
0.0849580	2.4954220
0.0899530	2.5221940
0.0949480	2.5558430
0.0999430	2.5749160
0.1498710	2.7799070
0.1997700	2.9057830
0.2496410	3.0211190
0.2994830	3.1137860
0.3492960	3.1928100
0.3990810	3.2783630
0.4488360	3.3607680
0.4985640	3.4226410
0.7467690	3.7567030
0.9942590	4.0214230
1.4870910	4.3878960
1.9770660	4.6531940
2.4641900	4.8223810
2.9484700	4.9446220
3.4299100	5.0674160
3.9085170	5.1162710
4.3842960	5.1416190
4.8572530	5.1818100
5.3273930	5.2528700
5.3273930	5.2528700
5.7947230	5.2684200
6.7209710	5.2921220
7.6360410	5.3271080
9.4328140	5.4093740
13.7319840	5.4836800
17.7594470	5.5027850
25.0139840	5.5492770
31.2139760	5.5683080
36.3429110	5.5794300
41.1165970	5.5812170
43.4925520	5.5851880
-------------------------------------------------------------------
#T = 293.15 K - reverse test (theoretical model)
#pressure (bar)	loading(mmol/g)
0.0000010	0.000095990
0.0500510	1.882657907
0.1001011	2.400104341
0.1501511	2.681865347
0.2002012	2.877209910
0.2502512	3.029372469
0.3003013	3.155744296
0.3503513	3.264815930
0.4004014	3.361315008
0.4504514	3.448140308
0.5005015	3.527205541
0.5505515	3.599849772
0.6006016	3.667054611
0.6506516	3.729567221
0.7007017	3.787974012
0.7507517	3.842746936
0.8008018	3.894273780
0.8508518	3.942878709
0.9009019	3.988836632
0.9509519	4.032383528
1.0010020	4.073724055
1.0510520	4.113037280
1.1011021	4.150481068
1.1511521	4.186195517
1.2012022	4.220305679
1.2512522	4.252923744
1.3013023	4.284150822
1.3513523	4.314078405
1.4014024	4.342789589
1.4514524	4.370360090
1.5015025	4.396859110
1.5515525	4.422350072
1.6016026	4.446891248
1.6516526	4.470536306
1.7017027	4.493334779
1.7517527	4.515332481
1.8018028	4.536571858
1.8518528	4.557092315
1.9019029	4.576930489
1.9519529	4.596120499
2.0020030	4.614694169
2.0520530	4.632681220
2.1021031	4.650109448
2.1521531	4.667004885
2.2022032	4.683391935
2.2522532	4.699293510
2.3023033	4.714731136
2.3523533	4.729725067
2.4024034	4.744294375
2.4524534	4.758457039
2.5025035	4.772230021
2.5525535	4.785629341
2.6026036	4.798670141
2.6526536	4.811366747
2.7027036	4.823732721
2.7527537	4.835780915
2.8028037	4.847523518
2.8528538	4.858972094
2.9029038	4.870137629
2.9529539	4.881030559
3.0030039	4.891660814
3.0530540	4.902037838
3.1031040	4.912170629
3.1531541	4.922067758
3.2032041	4.931737395
3.2532542	4.941187338
3.3033042	4.950425027
3.3533543	4.959457570
3.4034043	4.968291757
3.4534544	4.976934080
3.5035044	4.985390752
3.5535545	4.993667715
3.6036045	5.001770662
3.6536546	5.009705045
3.7037046	5.017476090
3.7537547	5.025088808
3.8038047	5.032548007
3.8538548	5.039858301
3.9039048	5.047024119
3.9539549	5.054049716
4.0040049	5.060939182
4.0540550	5.067696448
4.1041050	5.074325293
4.1541551	5.080829355
4.2042051	5.087212136
4.2542552	5.093477004
4.3043052	5.099627207
4.3543553	5.105665871
4.4044053	5.111596013
4.4544554	5.117420538
4.5045054	5.123142250
4.5545555	5.128763854
4.6046055	5.134287960
4.6546556	5.139717088
4.7047056	5.145053674
4.7547557	5.150300067
4.8048057	5.155458540
4.8548558	5.160531288
4.9049058	5.165520437
4.9549559	5.170428038
5.0050059	5.175256080
5.0550560	5.180006485
5.1051060	5.184681113
5.1551561	5.189281768
5.2052061	5.193810193
5.2552562	5.198268080
5.3053062	5.202657067
5.3553562	5.206978742
5.4054063	5.211234643
5.4554563	5.215426263
5.5055064	5.219555050
5.5555564	5.223622408
5.6056065	5.227629700
5.6556565	5.231578249
5.7057066	5.235469338
5.7557566	5.239304216
5.8058067	5.243084092
5.8558567	5.246810143
5.9059068	5.250483512
5.9559568	5.254105310
6.0060069	5.257676617
6.0560569	5.261198482
6.1061070	5.264671927
6.1561570	5.268097944
6.2062071	5.271477500
6.2562571	5.274811533
6.3063072	5.278100960
6.3563572	5.281346669
6.4064073	5.284549528
6.4564573	5.287710381
6.5065074	5.290830049
6.5565574	5.293909333
6.6066075	5.296949013
6.6566575	5.299949849
6.7067076	5.302912581
6.7567576	5.305837932
6.8068077	5.308726604
6.8568577	5.311579285
6.9069078	5.314396642
6.9569578	5.317179330
7.0070079	5.319927984
7.0570579	5.322643225
7.1071080	5.325325660
7.1571580	5.327975880
7.2072081	5.330594463
7.2572581	5.333181971
7.3073082	5.335738956
7.3573582	5.338265955
7.4074083	5.340763492
7.4574583	5.343232081
7.5075084	5.345672221
7.5575584	5.348084402
7.6076085	5.350469103
7.6576585	5.352826791
7.7077086	5.355157922
7.7577586	5.357462943
7.8078087	5.359742291
7.8578587	5.361996391
7.9079087	5.364225663
7.9579588	5.366430513
8.0080088	5.368611342
8.0580589	5.370768539
8.1081089	5.372902489
8.1581590	5.375013563
8.2082090	5.377102129
8.2582591	5.379168544
8.3083091	5.381213160
8.3583592	5.383236320
8.4084092	5.385238360
8.4584593	5.387219609
8.5085093	5.389180389
8.5585594	5.391121017
8.6086094	5.393041801
8.6586595	5.394943045
8.7087095	5.396825045
8.7587596	5.398688092
8.8088096	5.400532472
8.8588597	5.402358463
8.9089097	5.404166339
8.9589598	5.405956369
9.0090098	5.407728816
9.0590599	5.409483938
9.1091099	5.411221987
9.1591600	5.412943212
9.2092100	5.414647856
9.2592601	5.416336157
9.3093101	5.418008349
9.3593602	5.419664663
9.4094102	5.421305322
9.4594603	5.422930549
9.5095103	5.424540560
9.5595604	5.426135568
9.6096104	5.427715781
9.6596605	5.429281405
9.7097105	5.430832641
9.7597606	5.432369686
9.8098106	5.433892734
9.8598607	5.435401976
9.9099107	5.436897598
9.9599608	5.438379785
10.0100108	5.439848716
10.0600609	5.441304569
10.1101109	5.442747517
10.1601610	5.444177732
10.2102110	5.445595381
10.2602611	5.447000629
10.3103111	5.448393639
10.3603612	5.449774569
10.4104112	5.451143577
10.4604613	5.452500815
10.5105113	5.453846435
10.5605613	5.455180586
10.6106114	5.456503413
10.6606614	5.457815061
10.7107115	5.459115670
10.7607615	5.460405380
10.8108116	5.461684327
10.8608616	5.462952644
10.9109117	5.464210464
10.9609617	5.465457917
11.0110118	5.466695131
11.0610618	5.467922231
11.1111119	5.469139340
11.1611619	5.470346581
11.2112120	5.471544073
11.2612620	5.472731932
11.3113121	5.473910277
11.3613621	5.475079219
11.4114122	5.476238871
11.4614622	5.477389344
11.5115123	5.478530747
11.5615623	5.479663185
11.6116124	5.480786765
11.6616624	5.481901589
11.7117125	5.483007760
11.7617625	5.484105379
11.8118126	5.485194543
11.8618626	5.486275351
11.9119127	5.487347898
11.9619627	5.488412279
12.0120128	5.489468586
12.0620628	5.490516911
12.1121129	5.491557344
12.1621629	5.492589975
12.2122130	5.493614890
12.2622630	5.494632175
12.3123131	5.495641916
12.3623631	5.496644196
12.4124132	5.497639098
12.4624632	5.498626703
12.5125133	5.499607090
12.5625633	5.500580339
12.6126134	5.501546528
12.6626634	5.502505732
12.7127135	5.503458028
12.7627635	5.504403489
12.8128136	5.505342190
12.8628636	5.506274202
12.9129137	5.507199596
12.9629637	5.508118444
13.0130138	5.509030813
13.0630638	5.509936773
13.1131139	5.510836391
13.1631639	5.511729733
13.2132139	5.512616864
13.2632640	5.513497850
13.3133140	5.514372753
13.3633641	5.515241637
13.4134141	5.516104563
13.4634642	5.516961593
13.5135142	5.517812787
13.5635643	5.518658203
13.6136143	5.519497902
13.6636644	5.520331940
13.7137144	5.521160376
13.7637645	5.521983264
13.8138145	5.522800660
13.8638646	5.523612620
13.9139146	5.524419198
13.9639647	5.525220446
14.0140147	5.526016418
14.0640648	5.526807165
14.1141148	5.527592738
14.1641649	5.528373189
14.2142149	5.529148568
14.2642650	5.529918922
14.3143150	5.530684302
14.3643651	5.531444756
14.4144151	5.532200329
14.4644652	5.532951071
14.5145152	5.533697026
14.5645653	5.534438241
14.6146153	5.535174760
14.6646654	5.535906627
14.7147154	5.536633888
14.7647655	5.537356585
14.8148155	5.538074761
14.8648656	5.538788458
14.9149156	5.539497718
14.9649657	5.540202583
15.0150157	5.540903093
15.0650658	5.541599288
15.1151158	5.542291208
15.1651659	5.542978893
15.2152159	5.543662380
15.2652660	5.544341710
15.3153160	5.545016918
15.3653661	5.545688043
15.4154161	5.546355122
15.4654662	5.547018191
15.5155162	5.547677286
15.5655663	5.548332442
15.6156163	5.548983696
15.6656664	5.549631081
15.7157164	5.550274633
15.7657665	5.550914384
15.8158165	5.551550370
15.8658665	5.552182622
15.9159166	5.552811173
15.9659666	5.553436057
16.0160167	5.554057305
16.0660667	5.554674948
16.1161168	5.555289018
16.1661668	5.555899546
16.2162169	5.556506563
16.2662669	5.557110098
16.3163170	5.557710181
16.3663670	5.558306843
16.4164171	5.558900112
16.4664671	5.559490017
16.5165172	5.560076586
16.5665672	5.560659849
16.6166173	5.561239832
16.6666673	5.561816563
16.7167174	5.562390070
16.7667674	5.562960380
16.8168175	5.563527518
16.8668675	5.564091513
16.9169176	5.564652388
16.9669676	5.565210172
17.0170177	5.565764888
17.0670677	5.566316563
17.1171178	5.566865221
17.1671678	5.567410886
17.2172179	5.567953584
17.2672679	5.568493338
17.3173180	5.569030173
17.3673680	5.569564111
17.4174181	5.570095177
17.4674681	5.570623393
17.5175182	5.571148782
17.5675682	5.571671368
17.6176183	5.572191171
17.6676683	5.572708215
17.7177184	5.573222522
17.7677684	5.573734112
17.8178185	5.574243008
17.8678685	5.574749231
17.9179186	5.575252802
17.9679686	5.575753741
18.0180187	5.576252070
18.0680687	5.576747808
18.1181188	5.577240975
18.1681688	5.577731592
18.2182189	5.578219679
18.2682689	5.578705254
18.3183190	5.579188338
18.3683690	5.579668948
18.4184191	5.580147106
18.4684691	5.580622828
18.5185191	5.581096133
18.5685692	5.581567041
18.6186192	5.582035569
18.6686693	5.582501735
18.7187193	5.582965556
18.7687694	5.583427052
18.8188194	5.583886238
18.8688695	5.584343133
18.9189195	5.584797753
18.9689696	5.585250115
19.0190196	5.585700237
19.0690697	5.586148135
19.1191197	5.586593824
19.1691698	5.587037322
19.2192198	5.587478645
19.2692699	5.587917808
19.3193199	5.588354828
19.3693700	5.588789720
19.4194200	5.589222499
19.4694701	5.589653182
19.5195201	5.590081782
19.5695702	5.590508316
19.6196202	5.590932797
19.6696703	5.591355242
19.7197203	5.591775664
19.7697704	5.592194078
19.8198204	5.592610499
19.8698705	5.593024940
19.9199205	5.593437415
19.9699706	5.593847939
20.0200206	5.594256526
20.0700707	5.594663189
20.1201207	5.595067941
20.1701708	5.595470797
20.2202208	5.595871769
20.2702709	5.596270870
20.3203209	5.596668114
20.3703710	5.597063514
20.4204210	5.597457082
20.4704711	5.597848831
20.5205211	5.598238774
20.5705712	5.598626923
20.6206212	5.599013290
20.6706713	5.599397889
20.7207213	5.599780730
20.7707714	5.600161825
20.8208214	5.600541188
20.8708715	5.600918829
20.9209215	5.601294761
20.9709716	5.601668994
21.0210216	5.602041541
21.0710716	5.602412412
21.1211217	5.602781619
21.1711717	5.603149174
21.2212218	5.603515086
21.2712718	5.603879368
21.3213219	5.604242030
21.3713719	5.604603083
21.4214220	5.604962538
21.4714720	5.605320404
21.5215221	5.605676693
21.5715721	5.606031416
21.6216222	5.606384581
21.6716722	5.606736201
21.7217223	5.607086283
21.7717723	5.607434840
21.8218224	5.607781881
21.8718724	5.608127415
21.9219225	5.608471452
21.9719725	5.608814003
22.0220226	5.609155076
22.0720726	5.609494682
22.1221227	5.609832829
22.1721727	5.610169527
22.2222228	5.610504786
22.2722728	5.610838614
22.3223229	5.611171021
22.3723729	5.611502016
22.4224230	5.611831608
22.4724730	5.612159805
22.5225231	5.612486617
22.5725731	5.612812052
22.6226232	5.613136118
22.6726732	5.613458826
22.7227233	5.613780183
22.7727733	5.614100197
22.8228234	5.614418877
22.8728734	5.614736231
22.9229235	5.615052268
22.9729735	5.615366995
23.0230236	5.615680422
23.0730736	5.615992555
23.1231237	5.616303403
23.1731737	5.616612974
23.2232238	5.616921276
23.2732738	5.617228316
23.3233239	5.617534102
23.3733739	5.617838642
23.4234240	5.618141944
23.4734740	5.618444014
23.5235241	5.618744861
23.5735741	5.619044492
23.6236242	5.619342914
23.6736742	5.619640134
23.7237242	5.619936161
23.7737743	5.620231000
23.8238243	5.620524659
23.8738744	5.620817146
23.9239244	5.621108467
23.9739745	5.621398629
24.0240245	5.621687639
24.0740746	5.621975503
24.1241246	5.622262230
24.1741747	5.622547825
24.2242247	5.622832294
24.2742748	5.623115646
24.3243248	5.623397886
24.3743749	5.623679021
24.4244249	5.623959057
24.4744750	5.624238001
24.5245250	5.624515859
24.5745751	5.624792637
24.6246251	5.625068343
24.6746752	5.625342981
24.7247252	5.625616558
24.7747753	5.625889081
24.8248253	5.626160555
24.8748754	5.626430986
24.9249254	5.626700381
24.9749755	5.626968745
25.0250255	5.627236084
25.0750756	5.627502405
25.1251256	5.627767712
25.1751757	5.628032012
25.2252257	5.628295311
25.2752758	5.628557613
25.3253258	5.628818926
25.3753759	5.629079254
25.4254259	5.629338602
25.4754760	5.629596977
25.5255260	5.629854384
25.5755761	5.630110829
25.6256261	5.630366316
25.6756762	5.630620851
25.7257262	5.630874439
25.7757763	5.631127086
25.8258263	5.631378797
25.8758764	5.631629577
25.9259264	5.631879431
25.9759765	5.632128365
26.0260265	5.632376383
26.0760766	5.632623490
26.1261266	5.632869692
26.1761767	5.633114994
26.2262267	5.633359400
26.2762768	5.633602915
26.3263268	5.633845544
26.3763768	5.634087292
26.4264269	5.634328164
26.4764769	5.634568164
26.5265270	5.634807297
26.5765770	5.635045569
26.6266271	5.635282983
26.6766771	5.635519544
26.7267272	5.635755257
26.7767772	5.635990126
26.8268273	5.636224156
26.8768773	5.636457352
26.9269274	5.636689717
26.9769774	5.636921257
27.0270275	5.637151975
27.0770775	5.637381876
27.1271276	5.637610964
27.1771776	5.637839244
27.2272277	5.638066720
27.2772777	5.638293396
27.3273278	5.638519276
27.3773778	5.638744365
27.4274279	5.638968667
27.4774779	5.639192185
27.5275280	5.639414924
27.5775780	5.639636888
27.6276281	5.639858081
27.6776781	5.640078507
27.7277282	5.640298171
27.7777782	5.640517075
27.8278283	5.640735224
27.8778783	5.640952621
27.9279284	5.641169272
27.9779784	5.641385178
28.0280285	5.641600346
28.0780785	5.641814777
28.1281286	5.642028476
28.1781786	5.642241447
28.2282287	5.642453693
28.2782787	5.642665218
28.3283288	5.642876026
28.3783788	5.643086120
28.4284289	5.643295504
28.4784789	5.643504182
28.5285290	5.643712156
28.5785790	5.643919432
28.6286291	5.644126012
28.6786791	5.644331899
28.7287292	5.644537097
28.7787792	5.644741610
28.8288293	5.644945442
28.8788793	5.645148594
28.9289294	5.645351072
28.9789794	5.645552877
29.0290294	5.645754014
29.0790795	5.645954486
29.1291295	5.646154296
29.1791796	5.646353448
29.2292296	5.646551944
29.2792797	5.646749788
29.3293297	5.646946983
29.3793798	5.647143533
29.4294298	5.647339440
29.4794799	5.647534707
29.5295299	5.647729338
29.5795800	5.647923336
29.6296300	5.648116704
29.6796801	5.648309445
29.7297301	5.648501562
29.7797802	5.648693058
29.8298302	5.648883936
29.8798803	5.649074200
29.9299303	5.649263851
29.9799804	5.649452893
30.0300304	5.649641329
30.0800805	5.649829162
30.1301305	5.650016394
30.1801806	5.650203029
30.2302306	5.650389069
30.2802807	5.650574518
30.3303307	5.650759378
30.3803808	5.650943652
30.4304308	5.651127342
30.4804809	5.651310452
30.5305309	5.651492983
30.5805810	5.651674940
30.6306310	5.651856325
30.6806811	5.652037139
30.7307311	5.652217387
30.7807812	5.652397070
30.8308312	5.652576192
30.8808813	5.652754755
30.9309313	5.652932761
30.9809814	5.653110213
31.0310314	5.653287114
31.0810815	5.653463466
31.1311315	5.653639272
31.1811816	5.653814535
31.2312316	5.653989256
31.2812817	5.654163439
31.3313317	5.654337086
31.3813818	5.654510199
31.4314318	5.654682781
31.4814819	5.654854834
31.5315319	5.655026360
31.5815819	5.655197363
31.6316320	5.655367844
31.6816820	5.655537807
31.7317321	5.655707252
31.7817821	5.655876183
31.8318322	5.656044602
31.8818822	5.656212511
31.9319323	5.656379913
31.9819823	5.656546809
32.0320324	5.656713203
32.0820824	5.656879096
32.1321325	5.657044491
32.1821825	5.657209389
32.2322326	5.657373794
32.2822826	5.657537707
32.3323327	5.657701131
32.3823827	5.657864068
32.4324328	5.658026519
32.4824828	5.658188487
32.5325329	5.658349975
32.5825829	5.658510984
32.6326330	5.658671517
32.6826830	5.658831575
32.7327331	5.658991161
32.7827831	5.659150276
32.8328332	5.659308924
32.8828832	5.659467105
32.9329333	5.659624823
32.9829833	5.659782078
33.0330334	5.659938874
33.0830834	5.660095211
33.1331335	5.660251093
33.1831835	5.660406520
33.2332336	5.660561496
33.2832836	5.660716022
33.3333337	5.660870099
33.3833837	5.661023731
33.4334338	5.661176919
33.4834838	5.661329664
33.5335339	5.661481969
33.5835839	5.661633835
33.6336340	5.661785265
33.6836840	5.661936260
33.7337341	5.662086823
33.7837841	5.662236954
33.8338342	5.662386657
33.8838842	5.662535932
33.9339343	5.662684782
33.9839843	5.662833208
34.0340344	5.662981213
34.0840844	5.663128797
34.1341345	5.663275963
34.1841845	5.663422713
34.2342345	5.663569048
34.2842846	5.663714971
34.3343346	5.663860482
34.3843847	5.664005583
34.4344347	5.664150277
34.4844848	5.664294565
34.5345348	5.664438449
34.5845849	5.664581930
34.6346349	5.664725010
34.6846850	5.664867691
34.7347350	5.665009975
34.7847851	5.665151862
34.8348351	5.665293355
34.8848852	5.665434456
34.9349352	5.665575166
34.9849853	5.665715486
35.0350353	5.665855419
35.0850854	5.665994965
35.1351354	5.666134127
35.1851855	5.666272906
35.2352355	5.666411304
35.2852856	5.666549321
35.3353356	5.666686961
35.3853857	5.666824224
35.4354357	5.666961112
35.4854858	5.667097626
35.5355358	5.667233768
35.5855859	5.667369539
35.6356359	5.667504942
35.6856860	5.667639977
35.7357360	5.667774645
35.7857861	5.667908950
35.8358361	5.668042891
35.8858862	5.668176471
35.9359362	5.668309690
35.9859863	5.668442551
36.0360363	5.668575054
36.0860864	5.668707202
36.1361364	5.668838995
36.1861865	5.668970436
36.2362365	5.669101524
36.2862866	5.669232263
36.3363366	5.669362653
36.3863867	5.669492696
36.4364367	5.669622392
36.4864868	5.669751744
36.5365368	5.669880753
36.5865869	5.670009420
36.6366369	5.670137747
36.6866870	5.670265734
36.7367370	5.670393384
36.7867871	5.670520697
36.8368371	5.670647675
36.8868871	5.670774319
36.9369372	5.670900631
36.9869872	5.671026612
37.0370373	5.671152263
37.0870873	5.671277585
37.1371374	5.671402579
37.1871874	5.671527248
37.2372375	5.671651592
37.2872875	5.671775613
37.3373376	5.671899311
37.3873876	5.672022689
37.4374377	5.672145746
37.4874877	5.672268486
37.5375378	5.672390908
37.5875878	5.672513014
37.6376379	5.672634805
37.6876879	5.672756282
37.7377380	5.672877448
37.7877880	5.672998302
37.8378381	5.673118846
37.8878881	5.673239081
37.9379382	5.673359009
37.9879882	5.673478630
38.0380383	5.673597946
38.0880883	5.673716959
38.1381384	5.673835668
38.1881884	5.673954075
38.2382385	5.674072182
38.2882885	5.674189989
38.3383386	5.674307498
38.3883886	5.674424710
38.4384387	5.674541626
38.4884887	5.674658247
38.5385388	5.674774574
38.5885888	5.674890608
38.6386389	5.675006350
38.6886889	5.675121803
38.7387390	5.675236965
38.7887890	5.675351840
38.8388391	5.675466427
38.8888891	5.675580728
38.9389392	5.675694744
38.9889892	5.675808475
39.0390393	5.675921924
39.0890893	5.676035091
39.1391394	5.676147977
39.1891894	5.676260583
39.2392395	5.676372910
39.2892895	5.676484960
39.3393396	5.676596733
39.3893896	5.676708230
39.4394397	5.676819452
39.4894897	5.676930401
39.5395397	5.677041077
39.5895898	5.677151482
39.6396398	5.677261615
39.6896899	5.677371479
39.7397399	5.677481075
39.7897900	5.677590403
39.8398400	5.677699464
39.8898901	5.677808259
39.9399401	5.677916789
39.9899902	5.678025056
40.0400402	5.678133060
40.0900903	5.678240802
40.1401403	5.678348283
40.1901904	5.678455504
40.2402404	5.678562466
40.2902905	5.678669169
40.3403405	5.678775616
40.3903906	5.678881807
40.4404406	5.678987742
40.4904907	5.679093422
40.5405407	5.679198849
40.5905908	5.679304024
40.6406408	5.679408947
40.6906909	5.679513619
40.7407409	5.679618041
40.7907910	5.679722215
40.8408410	5.679826140
40.8908911	5.679929818
40.9409411	5.680033250
40.9909912	5.680136436
41.0410412	5.680239378
41.0910913	5.680342076
41.1411413	5.680444531
41.1911914	5.680546744
41.2412414	5.680648716
41.2912915	5.680750448
41.3413415	5.680851940
41.3913916	5.680953194
41.4414416	5.681054210
41.4914917	5.681154989
41.5415417	5.681255532
41.5915918	5.681355839
41.6416418	5.681455913
41.6916919	5.681555753
41.7417419	5.681655360
41.7917920	5.681754735
41.8418420	5.681853878
41.8918921	5.681952792
41.9419421	5.682051476
41.9919922	5.682149931
42.0420422	5.682248158
42.0920923	5.682346158
42.1421423	5.682443932
42.1921923	5.682541480
42.2422424	5.682638803
42.2922924	5.682735903
42.3423425	5.682832779
42.3923925	5.682929432
42.4424426	5.683025864
42.4924926	5.683122075
42.5425427	5.683218065
42.5925927	5.683313836
42.6426428	5.683409389
42.6926928	5.683504723
42.7427429	5.683599841
42.7927929	5.683694741
42.8428430	5.683789426
42.8928930	5.683883896
42.9429431	5.683978152
42.9929931	5.684072194
43.0430432	5.684166024
43.0930932	5.684259641
43.1431433	5.684353047
43.1931933	5.684446242
43.2432434	5.684539228
43.2932934	5.684632004
43.3433435	5.684724572
43.3933935	5.684816931
43.4434436	5.684909084
43.4934936	5.685001030
43.5435437	5.685092771
43.5935937	5.685184306
43.6436438	5.685275637
43.6936938	5.685366764
43.7437439	5.685457689
43.7937939	5.685548411
43.8438440	5.685638931
43.8938940	5.685729251
43.9439441	5.685819370
43.9939941	5.685909289
44.0440442	5.685999010
44.0940942	5.686088532
44.1441443	5.686177856
44.1941943	5.686266984
44.2442444	5.686355915
44.2942944	5.686444650
44.3443445	5.686533191
44.3943945	5.686621537
44.4444446	5.686709689
44.4944946	5.686797648
44.5445447	5.686885414
44.5945947	5.686972989
44.6446448	5.687060372
44.6946948	5.687147565
44.7447448	5.687234568
44.7947949	5.687321381
44.8448449	5.687408006
44.8948950	5.687494442
44.9449450	5.687580691
44.9949951	5.687666753
45.0450451	5.687752629
45.0950952	5.687838319
45.1451452	5.687923824
45.1951953	5.688009144
45.2452453	5.688094280
45.2952954	5.688179233
45.3453454	5.688264004
45.3953955	5.688348592
45.4454455	5.688432998
45.4954956	5.688517224
45.5455456	5.688601269
45.5955957	5.688685135
45.6456457	5.688768821
45.6956958	5.688852329
45.7457458	5.688935658
45.7957959	5.689018810
45.8458459	5.689101785
45.8958960	5.689184584
45.9459460	5.689267206
45.9959961	5.689349654
46.0460461	5.689431927
46.0960962	5.689514025
46.1461462	5.689595950
46.1961963	5.689677702
46.2462463	5.689759282
46.2962964	5.689840689
46.3463464	5.689921925
46.3963965	5.690002991
46.4464465	5.690083885
46.4964966	5.690164611
46.5465466	5.690245166
46.5965967	5.690325553
46.6466467	5.690405772
46.6966968	5.690485823
46.7467468	5.690565707
46.7967969	5.690645425
46.8468469	5.690724976
46.8968970	5.690804362
46.9469470	5.690883582
46.9969971	5.690962638
47.0470471	5.691041530
47.0970972	5.691120259
47.1471472	5.691198824
47.1971973	5.691277227
47.2472473	5.691355468
47.2972974	5.691433547
47.3473474	5.691511466
47.3973974	5.691589224
47.4474475	5.691666821
47.4974975	5.691744260
47.5475476	5.691821539
47.5975976	5.691898659
47.6476477	5.691975622
47.6976977	5.692052427
47.7477478	5.692129075
47.7977978	5.692205566
47.8478479	5.692281901
47.8978979	5.692358081
47.9479480	5.692434105
47.9979980	5.692509975
48.0480481	5.692585690
48.0980981	5.692661252
48.1481482	5.692736660
48.1981982	5.692811916
48.2482483	5.692887019
48.2982983	5.692961970
48.3483484	5.693036770
48.3983984	5.693111419
48.4484485	5.693185917
48.4984985	5.693260265
48.5485486	5.693334464
48.5985986	5.693408513
48.6486487	5.693482414
48.6986987	5.693556166
48.7487488	5.693629771
48.7987988	5.693703228
48.8488489	5.693776538
48.8988989	5.693849702
48.9489490	5.693922719
48.9989990	5.693995591
49.0490491	5.694068318
49.0990991	5.694140900
49.1491492	5.694213338
49.1991992	5.694285632
49.2492493	5.694357782
49.2992993	5.694429790
49.3493494	5.694501654
49.3993994	5.694573377
49.4494495	5.694644958
49.4994995	5.694716397
49.5495496	5.694787696
49.5995996	5.694858854
49.6496497	5.694929872
49.6996997	5.695000750
49.7497498	5.695071489
49.7997998	5.695142089
49.8498499	5.695212550
49.8998999	5.695282874
49.9499500	5.695353060
50.0000000	5.695423108
-------------------------------------------------------------------
#T = 149.00 K - Methane on MFI
#pressure (bar)	loading(mmol/g)
0.0001000	0.000133923
0.0002000	0.000256771
0.0003000	0.000366435
0.0004000	0.000477006
0.0005000	0.000581954
0.0006000	0.000680261
0.0007000	0.000773501
0.0008000	0.000859425
0.0009000	0.000940570
0.0010000	0.001019008
0.0019999	0.001569831
0.0029999	0.001886344
0.0039998	0.002082541
0.0049996	0.002219336
0.0059994	0.002316368
0.0069992	0.002390108
0.0079990	0.002444601
0.0089987	0.002492798
0.0099984	0.002533835
0.0199938	0.002728097
0.0299860	0.002808417
0.0399750	0.002855306
0.0499610	0.002886773
0.0599438	0.002910747
0.0699235	0.002928328
0.0799001	0.002943383
0.0898736	0.002958401
0.0998440	0.002970204
0.1993760	0.003043816
0.2985963	0.003085158
0.3975052	0.003116854
0.4961029	0.003142667
0.5943896	0.003159060
0.6923656	0.003178305
0.7900311	0.003191644
0.8873863	0.003208172
0.9844315	0.003214564
1.9378793	0.003288507
2.8605580	0.003329613
3.7526589	0.003358292
4.6143468	0.003376849
5.4457562	0.003394949
6.2469862	0.003405466
7.0180939	0.003414889
7.7590855	0.003423500
8.4699055	0.003430156
9.6483163	0.003445852
-------------------------------------------------------------------
#T = 174.00 K - Methane on MFI
#pressure (bar)	loading(mmol/g)
0.00010000	0.01510379
0.00020000	0.03014896
0.00030000	0.04481919
0.00040000	0.05979703
0.00050000	0.07471843
0.00060000	0.08922652
0.00069999	0.10334231
0.00079999	0.11796839
0.00089999	0.13244681
0.00099999	0.14643086
0.00199996	0.27809450
0.00299991	0.39823867
0.00399983	0.51708938
0.00499974	0.62559037
0.00599962	0.73046790
0.00699949	0.82384778
0.00799933	0.91325311
0.00899915	0.99541115
0.00999895	1.07212522
0.01999580	1.59913909
0.02999056	1.89371163
0.03998322	2.07812846
0.04997377	2.20435467
0.05996224	2.29845967
0.06994860	2.36944266
0.07993287	2.42765680
0.08991504	2.47122597
0.09989511	2.51359305
0.19958054	2.71268646
0.29905644	2.79764932
0.39832294	2.84728143
0.49738021	2.88225868
0.59622838	2.90900809
0.69486760	2.92863823
0.79329801	2.94625952
0.89151976	2.96418063
0.98953298	2.97398555
1.95822787	3.05621316
2.90622480	3.10165392
3.83365865	3.13101919
4.74065870	3.15735519
5.62734824	3.17548589
6.49384415	3.19208396
7.34025636	3.20859826
8.16668728	3.22246640
8.97323111	3.23108266
21.34260130	3.32520253
24.32224251	3.34249005
25.09630943	3.34499241
